input_filepath=./test_xyz_files/N2200_supercell.xyz
output_folder=./test_xyz_files
gen_name=N2200
x_size=300
y_size=80
z_size=300
a=150.7653
b=60.86625558
c=77.59215338
alpha=75.80018168
beta=69.91988911
gamma=86.0504032